60 50
10 50
20 40
30 30
40 20
50 10
60 0
70 50
80 40
90 30
100 20
110 10
120 0
130 45
140 35
150 25
160 15
170 5
180 38
190 28
200 18
210 8
220 48
230 38
240 28
250 18
260 8
270 42
280 32
290 22
300 12
310 2
320 47
330 37
340 27
350 17
360 7
370 49
380 39
390 29
400 19
410 9
420 41
430 31
440 21
450 11
460 1
470 46
480 36
490 26
500 16
510 6
520 44
530 34
540 24
550 14
560 4
570 43
580 33
590 23
600 13
610 3
70 50
80 40
90 30
100 20
110 10
120 0
130 48
140 38
150 28
160 18
170 8
180 46
190 36
200 26
210 16
220 6
230 44
240 34
250 24
260 14
270 4
280 47
290 37
300 27
310 17
320 7
330 49
340 39
350 29
360 19
370 9
380 41
390 31
400 21
410 11
420 1
430 45
440 35
450 25
460 15
470 5
480 43
490 33
500 23
510 13
520 3
3 50
1 49
2 50